<?xml version="1.0" standalone="no"?>
<!DOCTYPE svg PUBLIC "-//W3C//DTD SVG 20010904//EN"
 "http://www.w3.org/TR/2001/REC-SVG-20010904/DTD/svg10.dtd">
<svg version="1.0" xmlns="http://www.w3.org/2000/svg"
 width="82" height="40" viewBox="0 0 82 40" fill="none" 

<g transform="translate(0.000000,500.000000) scale(0.100000,-0.100000)"
fill="#000000" stroke="none">
<path d="M2310 3500 c-208 -33 -456 -165 -612 -326 -417 -428 -422 -1110 -13
-1543 140 -149 337 -267 530 -318 91 -24 116 -27 285 -27 169 0 194 3 285 27
375 100 683 400 789 770 173 598 -173 1215 -779 1393 -78 23 -112 27 -260 29
-93 2 -195 0 -225 -5z m146 -559 c-3 -24 -6 -88 -6 -142 0 -80 -3 -99 -15 -99
-8 0 -19 17 -26 42 -24 89 -75 164 -131 194 -33 17 -129 19 -146 2 -8 -8 -12
-64 -12 -186 l0 -174 33 6 c49 10 79 36 111 99 49 97 56 81 56 -118 0 -145 -2
-175 -14 -175 -8 0 -17 13 -21 29 -13 62 -87 130 -142 131 -23 0 -23 0 -23
-164 0 -192 5 -204 83 -213 31 -4 47 -10 47 -19 0 -12 -40 -14 -232 -12 -147
2 -233 7 -233 13 0 6 12 11 27 13 57 7 58 14 58 395 0 204 -4 356 -10 366 -5
10 -23 21 -40 24 -16 4 -30 13 -30 20 0 12 56 14 336 13 l336 -1 -6 -44z m552
-323 c-3 -7 -19 -14 -36 -16 -61 -6 -62 -10 -62 -387 0 -269 3 -345 13 -359
21 -29 114 -18 162 19 47 36 107 127 129 199 11 33 24 56 32 56 11 0 14 -29
14 -160 l0 -160 -335 0 c-291 0 -335 2 -335 15 0 9 9 15 23 15 53 1 52 -9 52
380 0 389 1 379 -52 380 -14 0 -23 6 -23 15 0 13 30 15 211 15 164 0 210 -3
207 -12z"/>
</g>
</svg>
